Whois_Name_8170a48a4ca837cbfcfe6126afa36c9ed320dd4c0d7f9af7bd8755b0d97028cd,Domain_6f7eedc2b96f8e56201a2358fca4dbe648c341c1d6e7e5a50664cf0c13a409d0,Whois_Phone_d4e844046d099bbdd48536d0431618a45cde4f0c5593f027d8ceee11f8b9c211,
Whois_Name_8170a48a4ca837cbfcfe6126afa36c9ed320dd4c0d7f9af7bd8755b0d97028cd,Domain_9c72287c3f9bb38cb0186acf37b7054442b75ac32324dfd245aed46a03026de1,Whois_Phone_d4e844046d099bbdd48536d0431618a45cde4f0c5593f027d8ceee11f8b9c211,
Domain_24acfd52f9ceb424d4a2643a832638ce1673b8689fa952d9010dd44949e6b1d9,Domain_55f5b3fcc5fb631fd9aa02c0f0dfa024c329c3db89dadc53af6a013776a65b29,IP_69d6d1fde2620a575d853fafb82ab65ffb1a01ae6197e0b11b5f619e9b33d3b8,Domain_8748687a61811032f0ed1dcdb57e01efef9983a6d9c236b82997b07477e66177
Domain_24acfd52f9ceb424d4a2643a832638ce1673b8689fa952d9010dd44949e6b1d9,Domain_55f5b3fcc5fb631fd9aa02c0f0dfa024c329c3db89dadc53af6a013776a65b29,IP_42e3f76637d2da0c1f9761e92bf9902af1c9ddfcf9cc42097e474302d08ff5e9,Domain_8748687a61811032f0ed1dcdb57e01efef9983a6d9c236b82997b07477e66177
Domain_24acfd52f9ceb424d4a2643a832638ce1673b8689fa952d9010dd44949e6b1d9,Domain_55f5b3fcc5fb631fd9aa02c0f0dfa024c329c3db89dadc53af6a013776a65b29,IP_42e3f76637d2da0c1f9761e92bf9902af1c9ddfcf9cc42097e474302d08ff5e9,Domain_8748687a61811032f0ed1dcdb57e01efef9983a6d9c236b82997b07477e66177
Domain_24acfd52f9ceb424d4a2643a832638ce1673b8689fa952d9010dd44949e6b1d9,Domain_55f5b3fcc5fb631fd9aa02c0f0dfa024c329c3db89dadc53af6a013776a65b29,IP_609bbcc1e63b5176162def8dcd4261e4d4365d7e7f63874f296cbc28752ea9df,Domain_8748687a61811032f0ed1dcdb57e01efef9983a6d9c236b82997b07477e66177
Domain_24acfd52f9ceb424d4a2643a832638ce1673b8689fa952d9010dd44949e6b1d9,Domain_55f5b3fcc5fb631fd9aa02c0f0dfa024c329c3db89dadc53af6a013776a65b29,IP_7c93966d4e250b06f774f84e24b05dd01d057291d840d9e5c1b3e350c12c42e6,Domain_8748687a61811032f0ed1dcdb57e01efef9983a6d9c236b82997b07477e66177
